policy_name,insurer,hospital_name,city,coverage_type,hospital_name_clean
TATA AIG MediCare,TATA AIG,yogesh hosptial,Pune,Cashless,yogesh hosptial
TATA AIG MediCare,TATA AIG,deendayal hospital,Pune,Cashless,deendayal hospital
TATA AIG MediCare,TATA AIG,atharva netralaya and research pvt ltd,Pune,Cashless,atharva netralaya and research pvt ltd
TATA AIG MediCare,TATA AIG,oyster and pearl hospital pvt. ltd.,Pune,Cashless,oyster and pearl hospital pvt ltd
TATA AIG MediCare,TATA AIG,sancheti institute for orthopedics and rahabilitation,Pune,Cashless,sancheti institute for orthopedics and rahabilitation
TATA AIG MediCare,TATA AIG,national institute of ophthalmology,Pune,Cashless,national institute of ophthalmology
TATA AIG MediCare,TATA AIG,n.m.wadia institute of cardiology,Pune,Cashless,nmwadia institute of cardiology
TATA AIG MediCare,TATA AIG,karne hospital pvt ltd,Pune,Cashless,karne hospital pvt ltd
TATA AIG MediCare,TATA AIG,sharada clinic,Pune,Cashless,sharada clinic
TATA AIG MediCare,TATA AIG,deodhar eye hospital,Pune,Cashless,deodhar eye hospital
TATA AIG MediCare,TATA AIG,oyster & pearl hospital shree/onp hospital,Pune,Cashless,oyster pearl hospital shreeonp hospital
TATA AIG MediCare,TATA AIG,paranjpe eye clinic & eye surgery centre,Pune,Cashless,paranjpe eye clinic eye surgery centre
TATA AIG MediCare,TATA AIG,smcrs hardikar hospital,Pune,Cashless,smcrs hardikar hospital
TATA AIG MediCare,TATA AIG,kamal nursing home,Pune,Cashless,kamal nursing home
TATA AIG MediCare,TATA AIG,ace hospital and research centre,Pune,Cashless,ace hospital and research centre
TATA AIG MediCare,TATA AIG,sanjeevan hospital - pune,Pune,Cashless,sanjeevan hospital pune
TATA AIG MediCare,TATA AIG,shahade hospital,Pune,Cashless,shahade hospital
TATA AIG MediCare,TATA AIG,om hospital,Pune,Cashless,om hospital
TATA AIG MediCare,TATA AIG,jehangir hospital,Pune,Cashless,jehangir hospital
TATA AIG MediCare,TATA AIG,ranka hospital,Pune,Cashless,ranka hospital
TATA AIG MediCare,TATA AIG,ruby hall clinic,Pune,Cashless,ruby hall clinic
TATA AIG MediCare,TATA AIG,sadhu vaswani missions medical complex .,Pune,Cashless,sadhu vaswani missions medical complex
TATA AIG MediCare,TATA AIG,lokmanya hospitals pvt ltd,Pune,Cashless,lokmanya hospitals pvt ltd
TATA AIG MediCare,TATA AIG,apollo spectra hospitals (unit of apollo specialty hospitals pvt ltd),Pune,Cashless,apollo spectra hospitals unit of apollo specialty hospitals pvt ltd
TATA AIG MediCare,TATA AIG,bhandari maternity and nursing home,Pune,Cashless,bhandari maternity and nursing home
TATA AIG MediCare,TATA AIG,chandralok hospital,Pune,Cashless,chandralok hospital
TATA AIG MediCare,TATA AIG,harsh hospital,Pune,Cashless,harsh hospital
TATA AIG MediCare,TATA AIG,rao nursing home,Pune,Cashless,rao nursing home
TATA AIG MediCare,TATA AIG,lmmfs deenanath mangeshkar hospital pune,Pune,Cashless,lmmfs deenanath mangeshkar hospital pune
TATA AIG MediCare,TATA AIG,shah accident hospital,Pune,Cashless,shah accident hospital
TATA AIG MediCare,TATA AIG,satyanand hospital,Pune,Cashless,satyanand hospital
TATA AIG MediCare,TATA AIG,aims hospital & research centre,Pune,Cashless,aims hospital research centre
TATA AIG MediCare,TATA AIG,jagtap hospital,Pune,Cashless,jagtap hospital
TATA AIG MediCare,TATA AIG,shree hospital - pune,Pune,Cashless,shree hospital pune
TATA AIG MediCare,TATA AIG,bhagali clinic & nursing home,Pune,Cashless,bhagali clinic nursing home
TATA AIG MediCare,TATA AIG,krishna hospital,Pune,Cashless,krishna hospital
TATA AIG MediCare,TATA AIG,kataria hospital,Pune,Cashless,kataria hospital
TATA AIG MediCare,TATA AIG,kulkarni hospital & diagnostic centre,Pune,Cashless,kulkarni hospital diagnostic centre
TATA AIG MediCare,TATA AIG,kulkarni endo surgery institute and reconstructive urology centre,Pune,Cashless,kulkarni endo surgery institute and reconstructive urology centre
TATA AIG MediCare,TATA AIG,om eye care hospital,Pune,Cashless,om eye care hospital
TATA AIG MediCare,TATA AIG,axis eye clinic,Pune,Cashless,axis eye clinic
TATA AIG MediCare,TATA AIG,deoyani multispeciality hospital,Pune,Cashless,deoyani multispeciality hospital
TATA AIG MediCare,TATA AIG,pharande eye hospital and phaco center,Pune,Cashless,pharande eye hospital and phaco center
TATA AIG MediCare,TATA AIG,crescent india medical education trust inamdar hospital,Pune,Cashless,crescent india medical education trust inamdar hospital
TATA AIG MediCare,TATA AIG,pawar multispeciality hospital and diagnostic centre pvt ltd,Pune,Cashless,pawar multispeciality hospital and diagnostic centre pvt ltd
TATA AIG MediCare,TATA AIG,shri samarth hospital,Pune,Cashless,shri samarth hospital
TATA AIG MediCare,TATA AIG,moraya hospital,Pune,Cashless,moraya hospital
TATA AIG MediCare,TATA AIG,dr.makan surgical maternity accident hospital,Pune,Cashless,drmakan surgical maternity accident hospital
TATA AIG MediCare,TATA AIG,mai mangeshkar hospital,Pune,Cashless,mai mangeshkar hospital
TATA AIG MediCare,TATA AIG,sanjeevan maternity and surgical hospital,Pune,Cashless,sanjeevan maternity and surgical hospital
TATA AIG MediCare,TATA AIG,shaswat hospital,Pune,Cashless,shaswat hospital
TATA AIG MediCare,TATA AIG,ruby clinic-wanowarie/grant medical foundation ruby hall clinic,Pune,Cashless,ruby clinicwanowariegrant medical foundation ruby hall clinic
TATA AIG MediCare,TATA AIG,kotbagi hospital pvt ltd,Pune,Cashless,kotbagi hospital pvt ltd
TATA AIG MediCare,TATA AIG,vinod memorial hospital,Pune,Cashless,vinod memorial hospital
TATA AIG MediCare,TATA AIG,kedarnath general hospital,Pune,Cashless,kedarnath general hospital
TATA AIG MediCare,TATA AIG,deshpande eye hospital and laser centre,Pune,Cashless,deshpande eye hospital and laser centre
TATA AIG MediCare,TATA AIG,saishree hospital and joint replacement centre a unit of adkar hospital,Pune,Cashless,saishree hospital and joint replacement centre a unit of adkar hospital
TATA AIG MediCare,TATA AIG,bharati hospital & research centre,Pune,Cashless,bharati hospital research centre
TATA AIG MediCare,TATA AIG,dr.mhaske hospital and research centre pvt. ltd.,Pune,Cashless,drmhaske hospital and research centre pvt ltd
TATA AIG MediCare,TATA AIG,ankur multispeciality hospital,Pune,Cashless,ankur multispeciality hospital
TATA AIG MediCare,TATA AIG,sanjeevani nursing home,Pune,Cashless,sanjeevani nursing home
TATA AIG MediCare,TATA AIG,yash hospital-vk medical foundation,Pune,Cashless,yash hospitalvk medical foundation
TATA AIG MediCare,TATA AIG,kohakade hospital,Pune,Cashless,kohakade hospital
TATA AIG MediCare,TATA AIG,ushakiran general hospital,Pune,Cashless,ushakiran general hospital
TATA AIG MediCare,TATA AIG,lunkad hospital,Pune,Cashless,lunkad hospital
TATA AIG MediCare,TATA AIG,noble hospital,Pune,Cashless,noble hospital
TATA AIG MediCare,TATA AIG,vaibhavi children hospital,Pune,Cashless,vaibhavi children hospital
TATA AIG MediCare,TATA AIG,agarwal maternity and general hospital,Pune,Cashless,agarwal maternity and general hospital
TATA AIG MediCare,TATA AIG,vatsalya hospital,Pune,Cashless,vatsalya hospital
TATA AIG MediCare,TATA AIG,pulse multispeciality hospital,Pune,Cashless,pulse multispeciality hospital
TATA AIG MediCare,TATA AIG,medipoint hospital,Pune,Cashless,medipoint hospital
TATA AIG MediCare,TATA AIG,columbia asia hospital,Pune,Cashless,columbia asia hospital
TATA AIG MediCare,TATA AIG,pbmas hv desai eye hospital,Pune,Cashless,pbmas hv desai eye hospital
TATA AIG MediCare,TATA AIG,sai sneh hospital & diagnostic centre pvt ltd,Pune,Cashless,sai sneh hospital diagnostic centre pvt ltd
TATA AIG MediCare,TATA AIG,sakhi hospital,Pune,Cashless,sakhi hospital
TATA AIG MediCare,TATA AIG,maxcare hospital,Pune,Cashless,maxcare hospital
TATA AIG MediCare,TATA AIG,rising medicare hospital,Pune,Cashless,rising medicare hospital
TATA AIG MediCare,TATA AIG,jupiter life line hospitals limited,Pune,Cashless,jupiter life line hospitals limited
TATA AIG MediCare,TATA AIG,dr. mores childrens hospital,Pune,Cashless,dr mores childrens hospital
TATA AIG MediCare,TATA AIG,orchid speciality hospital,Pune,Cashless,orchid speciality hospital
TATA AIG MediCare,TATA AIG,shree hospital,Pune,Cashless,shree hospital
TATA AIG MediCare,TATA AIG,chellaram hospital diabetes care & multispeciality,Pune,Cashless,chellaram hospital diabetes care multispeciality
TATA AIG MediCare,TATA AIG,yashorahi multispeciality hospital,Pune,Cashless,yashorahi multispeciality hospital
TATA AIG MediCare,TATA AIG,amrut hospital,Pune,Cashless,amrut hospital
TATA AIG MediCare,TATA AIG,healing touch hospital,Pune,Cashless,healing touch hospital
TATA AIG MediCare,TATA AIG,anand hospital,Pune,Cashless,anand hospital
TATA AIG MediCare,TATA AIG,wellness specialty clinic,Pune,Cashless,wellness specialty clinic
TATA AIG MediCare,TATA AIG,pune international burns and cosmetic centre,Pune,Cashless,pune international burns and cosmetic centre
TATA AIG MediCare,TATA AIG,mankikar hospital for children & laboratory,Pune,Cashless,mankikar hospital for children laboratory
TATA AIG MediCare,TATA AIG,dr gaikwad diabetes centre,Pune,Cashless,dr gaikwad diabetes centre
TATA AIG MediCare,TATA AIG,saidham muiltispeciality hospital,Pune,Cashless,saidham muiltispeciality hospital
TATA AIG MediCare,TATA AIG,vatsalya mother & child care,Pune,Cashless,vatsalya mother child care
TATA AIG MediCare,TATA AIG,kaushal hospital,Pune,Cashless,kaushal hospital
TATA AIG MediCare,TATA AIG,yog multispeciality hospital & research centre,Pune,Cashless,yog multispeciality hospital research centre
TATA AIG MediCare,TATA AIG,jeevanjyoti hospital - pune,Pune,Cashless,jeevanjyoti hospital pune
TATA AIG MediCare,TATA AIG,sanjeevan hospital,Pune,Cashless,sanjeevan hospital
TATA AIG MediCare,TATA AIG,shree multispeciality hospital,Pune,Cashless,shree multispeciality hospital
TATA AIG MediCare,TATA AIG,devadhar nursing home,Pune,Cashless,devadhar nursing home
TATA AIG MediCare,TATA AIG,chirayu childrens hospital,Pune,Cashless,chirayu childrens hospital
TATA AIG MediCare,TATA AIG,dr patil ent hospital,Pune,Cashless,dr patil ent hospital
TATA AIG MediCare,TATA AIG,new life child care clinic and hospital,Pune,Cashless,new life child care clinic and hospital
TATA AIG MediCare,TATA AIG,vital multispeciality hospital,Pune,Cashless,vital multispeciality hospital
TATA AIG MediCare,TATA AIG,desai accident &,Pune,Cashless,desai accident
TATA AIG MediCare,TATA AIG,surya mother and child care pvt ltd,Pune,Cashless,surya mother and child care pvt ltd
TATA AIG MediCare,TATA AIG,phoenix multispeciality hospital,Pune,Cashless,phoenix multispeciality hospital
TATA AIG MediCare,TATA AIG,dr madrewars chest & general hospital,Pune,Cashless,dr madrewars chest general hospital
TATA AIG MediCare,TATA AIG,medilife multispeciality hospital & icu,Pune,Cashless,medilife multispeciality hospital icu
TATA AIG MediCare,TATA AIG,lokmanya hospital,Pune,Cashless,lokmanya hospital
TATA AIG MediCare,TATA AIG,khaire hospital,Pune,Cashless,khaire hospital
TATA AIG MediCare,TATA AIG,moraya multispeciality hospital,Pune,Cashless,moraya multispeciality hospital
TATA AIG MediCare,TATA AIG,lifepoint multispeciality hospital,Pune,Cashless,lifepoint multispeciality hospital
TATA AIG MediCare,TATA AIG,chavan hospital,Pune,Cashless,chavan hospital
TATA AIG MediCare,TATA AIG,patil eye hospital,Pune,Cashless,patil eye hospital
TATA AIG MediCare,TATA AIG,om shree swami samarth hospital,Pune,Cashless,om shree swami samarth hospital
TATA AIG MediCare,TATA AIG,shree samarth hospital,Pune,Cashless,shree samarth hospital
TATA AIG MediCare,TATA AIG,niramaya hospital,Pune,Cashless,niramaya hospital
TATA AIG MediCare,TATA AIG,spandan hospital icu & multispeciality,Pune,Cashless,spandan hospital icu multispeciality
TATA AIG MediCare,TATA AIG,imax multispeciality hospital,Pune,Cashless,imax multispeciality hospital
TATA AIG MediCare,TATA AIG,aditya birla health services ltd,Pune,Cashless,aditya birla health services ltd
TATA AIG MediCare,TATA AIG,sushrusha hospital,Pune,Cashless,sushrusha hospital
TATA AIG MediCare,TATA AIG,lifeline hospital,Pune,Cashless,lifeline hospital
TATA AIG MediCare,TATA AIG,sanjeevani hospital,Pune,Cashless,sanjeevani hospital
TATA AIG MediCare,TATA AIG,golden care hospital & diagnostic,Pune,Cashless,golden care hospital diagnostic
TATA AIG MediCare,TATA AIG,astha hospital,Pune,Cashless,astha hospital
TATA AIG MediCare,TATA AIG,patil hospital general & eye hospital,Pune,Cashless,patil hospital general eye hospital
TATA AIG MediCare,TATA AIG,gandhi nursing home,Pune,Cashless,gandhi nursing home
TATA AIG MediCare,TATA AIG,dhanashree hospital,Pune,Cashless,dhanashree hospital
TATA AIG MediCare,TATA AIG,shraddha hospital,Pune,Cashless,shraddha hospital
TATA AIG MediCare,TATA AIG,ghadage hospital,Pune,Cashless,ghadage hospital
TATA AIG MediCare,TATA AIG,sterling multispeciality hospital,Pune,Cashless,sterling multispeciality hospital
TATA AIG MediCare,TATA AIG,bansal hospital,Pune,Cashless,bansal hospital
TATA AIG MediCare,TATA AIG,dhanwantari hospital and criticare centre(icu ),Pune,Cashless,dhanwantari hospital and criticare centreicu
TATA AIG MediCare,TATA AIG,bhagawati netralaya,Pune,Cashless,bhagawati netralaya
TATA AIG MediCare,TATA AIG,shwas multispeciality hospital,Pune,Cashless,shwas multispeciality hospital
TATA AIG MediCare,TATA AIG,aarogyam multispeciality hospital - pune,Pune,Cashless,aarogyam multispeciality hospital pune
TATA AIG MediCare,TATA AIG,chintamani hospital,Pune,Cashless,chintamani hospital
TATA AIG MediCare,TATA AIG,omkar accident hospital,Pune,Cashless,omkar accident hospital
TATA AIG MediCare,TATA AIG,pioneer hospital,Pune,Cashless,pioneer hospital
TATA AIG MediCare,TATA AIG,pawana hospital,Pune,Cashless,pawana hospital
TATA AIG MediCare,TATA AIG,shree siddhivinayak criticare hospital,Pune,Cashless,shree siddhivinayak criticare hospital
TATA AIG MediCare,TATA AIG,sevadham hospital,Pune,Cashless,sevadham hospital
TATA AIG MediCare,TATA AIG,attharva accident hospital,Pune,Cashless,attharva accident hospital
TATA AIG MediCare,TATA AIG,matoshri hospital,Pune,Cashless,matoshri hospital
TATA AIG MediCare,TATA AIG,shrikrishna hospital,Pune,Cashless,shrikrishna hospital
TATA AIG MediCare,TATA AIG,rakshak hospital,Pune,Cashless,rakshak hospital
TATA AIG MediCare,TATA AIG,sushrut hospital,Pune,Cashless,sushrut hospital
TATA AIG MediCare,TATA AIG,get well multispeciality hospital,Pune,Cashless,get well multispeciality hospital
TATA AIG MediCare,TATA AIG,sanjeevani medical foundation,Pune,Cashless,sanjeevani medical foundation
TATA AIG MediCare,TATA AIG,matoshree madanbai dhariwal hospital,Pune,Cashless,matoshree madanbai dhariwal hospital
TATA AIG MediCare,TATA AIG,suryakant general surgical accident and maternity,Pune,Cashless,suryakant general surgical accident and maternity
TATA AIG MediCare,TATA AIG,bhosale hospital,Pune,Cashless,bhosale hospital
TATA AIG MediCare,TATA AIG,mahalaxmi hospital,Pune,Cashless,mahalaxmi hospital
TATA AIG MediCare,TATA AIG,yogeshwari hospital & icu,Pune,Cashless,yogeshwari hospital icu
TATA AIG MediCare,TATA AIG,anuchandra accident hospital,Pune,Cashless,anuchandra accident hospital
TATA AIG MediCare,TATA AIG,atole accident hospital,Pune,Cashless,atole accident hospital
TATA AIG MediCare,TATA AIG,giri raj hospital & intensive care unit,Pune,Cashless,giri raj hospital intensive care unit
Care Supreme,Care Health,poona laser centre,Pune,Cashless,poona laser centre
Care Supreme,Care Health,modern hospital,Pune,Cashless,modern hospital
Care Supreme,Care Health,dhanwantari hospital,Pune,Cashless,dhanwantari hospital
Care Supreme,Care Health,pramodini urology foundation,Pune,Cashless,pramodini urology foundation
Care Supreme,Care Health,naik hospital,Pune,Cashless,naik hospital
Care Supreme,Care Health,dr todkar hospital,Pune,Cashless,dr todkar hospital
Care Supreme,Care Health,national institute of ophthalmology,Pune,Cashless,national institute of ophthalmology
Care Supreme,Care Health,bhide hospital,Pune,Cashless,bhide hospital
Care Supreme,Care Health,shaishav childrens hospital and research centre pvt ltd,Pune,Cashless,shaishav childrens hospital and research centre pvt ltd
Care Supreme,Care Health,sahyadri munot hospital,Pune,Cashless,sahyadri munot hospital
Care Supreme,Care Health,chaitanya hospital and nursing home,Pune,Cashless,chaitanya hospital and nursing home
Care Supreme,Care Health,mrinmayee healthcare private limited,Pune,Cashless,mrinmayee healthcare private limited
Care Supreme,Care Health,sharada clinic,Pune,Cashless,sharada clinic
Care Supreme,Care Health,galaxy care laparoscopy institute,Pune,Cashless,galaxy care laparoscopy institute
Care Supreme,Care Health,tekawade eye clinic &laser centre,Pune,Cashless,tekawade eye clinic laser centre
Care Supreme,Care Health,karne hospital pvt. ltd,Pune,Cashless,karne hospital pvt ltd
Care Supreme,Care Health,shahade hospital,Pune,Cashless,shahade hospital
Care Supreme,Care Health,om hospital,Pune,Cashless,om hospital
Care Supreme,Care Health,lokmanya hospitals pvt ltd,Pune,Cashless,lokmanya hospitals pvt ltd
Care Supreme,Care Health,vasan eye care hospital,Pune,Cashless,vasan eye care hospital
Care Supreme,Care Health,rao nursing home,Pune,Cashless,rao nursing home
Care Supreme,Care Health,lunkad hospital,Pune,Cashless,lunkad hospital
Care Supreme,Care Health,sangam hospital,Pune,Cashless,sangam hospital
Care Supreme,Care Health,harsh hospital,Pune,Cashless,harsh hospital
Care Supreme,Care Health,suraj hospital,Pune,Cashless,suraj hospital
Care Supreme,Care Health,shah accident hospital,Pune,Cashless,shah accident hospital
Care Supreme,Care Health,ganga nursing home,Pune,Cashless,ganga nursing home
Care Supreme,Care Health,shree hospital,Pune,Cashless,shree hospital
Care Supreme,Care Health,l.d.m.k.d.g.h. & t.c. sahyadri hospital bopodi,Pune,Cashless,ldmkdgh tc sahyadri hospital bopodi
Care Supreme,Care Health,jagtap hospital,Pune,Cashless,jagtap hospital
Care Supreme,Care Health,bhagali clinic & nursing home,Pune,Cashless,bhagali clinic nursing home
Care Supreme,Care Health,krishna hospital,Pune,Cashless,krishna hospital
Care Supreme,Care Health,latkar hospital,Pune,Cashless,latkar hospital
Care Supreme,Care Health,siddhi hospital & laproscopy centre,Pune,Cashless,siddhi hospital laproscopy centre
Care Supreme,Care Health,shashwat health services pvt ltd,Pune,Cashless,shashwat health services pvt ltd
Care Supreme,Care Health,deoyani multispeciality hospital,Pune,Cashless,deoyani multispeciality hospital
Care Supreme,Care Health,sarawat hospital,Pune,Cashless,sarawat hospital
Care Supreme,Care Health,sharad orthopaedic hospital,Pune,Cashless,sharad orthopaedic hospital
Care Supreme,Care Health,lifeline multispeciality hospital,Pune,Cashless,lifeline multispeciality hospital
Care Supreme,Care Health,kurtkoti nursing home,Pune,Cashless,kurtkoti nursing home
Care Supreme,Care Health,parmar multi speciality hospital & maternity home,Pune,Cashless,parmar multi speciality hospital maternity home
Care Supreme,Care Health,satyanand hospital,Pune,Cashless,satyanand hospital
Care Supreme,Care Health,seva hospital - pune,Pune,Cashless,seva hospital pune
Care Supreme,Care Health,aims hospital & research centre,Pune,Cashless,aims hospital research centre
Care Supreme,Care Health,saishree hospital and joint replacement centre a unit of adkar hospital,Pune,Cashless,saishree hospital and joint replacement centre a unit of adkar hospital
Care Supreme,Care Health,pawar multispeciality hospital and diagnostic centre pvt ltd,Pune,Cashless,pawar multispeciality hospital and diagnostic centre pvt ltd
Care Supreme,Care Health,shaswat hospital,Pune,Cashless,shaswat hospital
Care Supreme,Care Health,anand hospital,Pune,Cashless,anand hospital
Care Supreme,Care Health,rakshak multispeciality hospital,Pune,Cashless,rakshak multispeciality hospital
Care Supreme,Care Health,welfare medical foundations (mohintara hospital),Pune,Cashless,welfare medical foundations mohintara hospital
Care Supreme,Care Health,vinayak hospital,Pune,Cashless,vinayak hospital
Care Supreme,Care Health,lodha hospital &,Pune,Cashless,lodha hospital
Care Supreme,Care Health,sanjeevan maternity and surgical hospital,Pune,Cashless,sanjeevan maternity and surgical hospital
Care Supreme,Care Health,bagade hospital for women & maternity home,Pune,Cashless,bagade hospital for women maternity home
Care Supreme,Care Health,adarsh hospital,Pune,Cashless,adarsh hospital
Care Supreme,Care Health,dr.makan surgical maternity accident hospital,Pune,Cashless,drmakan surgical maternity accident hospital
Care Supreme,Care Health,yash hospital,Pune,Cashless,yash hospital
Care Supreme,Care Health,sai sneh hospital & diagnostic centre pvt ltd,Pune,Cashless,sai sneh hospital diagnostic centre pvt ltd
Care Supreme,Care Health,k k hospital,Pune,Cashless,k k hospital
Care Supreme,Care Health,rakshak hospital,Pune,Cashless,rakshak hospital
Care Supreme,Care Health,kohakade hospital,Pune,Cashless,kohakade hospital
Care Supreme,Care Health,pritam hospital,Pune,Cashless,pritam hospital
Care Supreme,Care Health,lotus multispeciality hospital,Pune,Cashless,lotus multispeciality hospital
Care Supreme,Care Health,balaji hospital,Pune,Cashless,balaji hospital
Care Supreme,Care Health,ruby ailcare superspeciality cardiac care centre,Pune,Cashless,ruby ailcare superspeciality cardiac care centre
Care Supreme,Care Health,shree gajanan hospital,Pune,Cashless,shree gajanan hospital
Care Supreme,Care Health,mankikar hospital for children & laboratory,Pune,Cashless,mankikar hospital for children laboratory
Care Supreme,Care Health,sanjeevan hospital,Pune,Cashless,sanjeevan hospital
Care Supreme,Care Health,dr gaikwad diabetes centre,Pune,Cashless,dr gaikwad diabetes centre
Care Supreme,Care Health,lifeline hospital,Pune,Cashless,lifeline hospital
Care Supreme,Care Health,desai accident &,Pune,Cashless,desai accident
Care Supreme,Care Health,devadhar nursing home,Pune,Cashless,devadhar nursing home
Care Supreme,Care Health,lifepoint multispeciality hospital,Pune,Cashless,lifepoint multispeciality hospital
Care Supreme,Care Health,vatsalya hospital.,Pune,Cashless,vatsalya hospital
Care Supreme,Care Health,dr patil ent hospital,Pune,Cashless,dr patil ent hospital
Care Supreme,Care Health,om shree swami samarth hospital,Pune,Cashless,om shree swami samarth hospital
Care Supreme,Care Health,spandan hospital icu & multispeciality,Pune,Cashless,spandan hospital icu multispeciality
Care Supreme,Care Health,chavan hospital,Pune,Cashless,chavan hospital
Care Supreme,Care Health,ashwini hospital,Pune,Cashless,ashwini hospital
Care Supreme,Care Health,imax multispeciality hospital,Pune,Cashless,imax multispeciality hospital
Care Supreme,Care Health,star hospital,Pune,Cashless,star hospital
Care Supreme,Care Health,anand hospital managed by foresight hospital,Pune,Cashless,anand hospital managed by foresight hospital
Care Supreme,Care Health,tongaonkar hospital,Pune,Cashless,tongaonkar hospital
Care Supreme,Care Health,diwan hospital,Pune,Cashless,diwan hospital
Care Supreme,Care Health,ameya netralaya,Pune,Cashless,ameya netralaya
Care Supreme,Care Health,shriniwas hospital,Pune,Cashless,shriniwas hospital
Care Supreme,Care Health,ashwini hospital & endoscopy centre,Pune,Cashless,ashwini hospital endoscopy centre
Care Supreme,Care Health,mayur hospital,Pune,Cashless,mayur hospital
Care Supreme,Care Health,shraddha hospital,Pune,Cashless,shraddha hospital
Care Supreme,Care Health,ghadage hospital,Pune,Cashless,ghadage hospital
Care Supreme,Care Health,bansal hospital,Pune,Cashless,bansal hospital
Care Supreme,Care Health,darekar hospital,Pune,Cashless,darekar hospital
Care Supreme,Care Health,dr sonawane hospital,Pune,Cashless,dr sonawane hospital
Care Supreme,Care Health,dhanwantari hospital and criticare centre(icu ),Pune,Cashless,dhanwantari hospital and criticare centreicu
Care Supreme,Care Health,core hospital,Pune,Cashless,core hospital
Care Supreme,Care Health,chintamani hospital,Pune,Cashless,chintamani hospital
Care Supreme,Care Health,apex hospital,Pune,Cashless,apex hospital
Care Supreme,Care Health,sushrut hospital,Pune,Cashless,sushrut hospital
Care Supreme,Care Health,shree mahaganpati hospital,Pune,Cashless,shree mahaganpati hospital
Care Supreme,Care Health,"mohan general hospital, daund",Pune,Cashless,mohan general hospital daund
Care Supreme,Care Health,vighnahar nursing homes,Pune,Cashless,vighnahar nursing homes
Care Supreme,Care Health,tuljabhavani hospital,Pune,Cashless,tuljabhavani hospital
Care Supreme,Care Health,dr mokashi hospital,Pune,Cashless,dr mokashi hospital
Care Supreme,Care Health,rama madhav hospital,Pune,Cashless,rama madhav hospital
Care Supreme,Care Health,bhagyajaya hospital,Pune,Cashless,bhagyajaya hospital
Optima Restore,HDFC ERGO,surya hospital,Pune,Cashless,surya hospital
Optima Restore,HDFC ERGO,mjm hospital,Pune,Cashless,mjm hospital
Optima Restore,HDFC ERGO,gupte hospital of accurate diagnostics,Pune,Cashless,gupte hospital of accurate diagnostics
Optima Restore,HDFC ERGO,shree samarth hospital,Pune,Cashless,shree samarth hospital
Optima Restore,HDFC ERGO,kids clinic india pvt ltd,Pune,Cashless,kids clinic india pvt ltd
Optima Restore,HDFC ERGO,deodhar eye hospital,Pune,Cashless,deodhar eye hospital
Optima Restore,HDFC ERGO,dr sanjeev sharad chandra gokhale,Pune,Cashless,dr sanjeev sharad chandra gokhale
Optima Restore,HDFC ERGO,sanjeevan hospital - pune,Pune,Cashless,sanjeevan hospital pune
Optima Restore,HDFC ERGO,dwarka charitable trusts deendayal memorial hospital,Pune,Cashless,dwarka charitable trusts deendayal memorial hospital
Optima Restore,HDFC ERGO,king edwaroad memorial hospital,Pune,Cashless,king edwaroad memorial hospital
Optima Restore,HDFC ERGO,sancheti institute for orthopedics and rahabilitation,Pune,Cashless,sancheti institute for orthopedics and rahabilitation
Optima Restore,HDFC ERGO,oyster & pearl hospital shree/onp hospital,Pune,Cashless,oyster pearl hospital shreeonp hospital
Optima Restore,HDFC ERGO,smcrs hardikar hospital,Pune,Cashless,smcrs hardikar hospital
Optima Restore,HDFC ERGO,prime surgical,Pune,Cashless,prime surgical
Optima Restore,HDFC ERGO,mmf ratna memorial hospital,Pune,Cashless,mmf ratna memorial hospital
Optima Restore,HDFC ERGO,global hospital & research institute,Pune,Cashless,global hospital research institute
Optima Restore,HDFC ERGO,joshi hospital,Pune,Cashless,joshi hospital
Optima Restore,HDFC ERGO,nm wadia institute of cardiology,Pune,Cashless,nm wadia institute of cardiology
Optima Restore,HDFC ERGO,poona hospital and research centre,Pune,Cashless,poona hospital and research centre
Optima Restore,HDFC ERGO,jehangir hospital,Pune,Cashless,jehangir hospital
Optima Restore,HDFC ERGO,paranjpe eye clinic & eye surgery centre,Pune,Cashless,paranjpe eye clinic eye surgery centre
Optima Restore,HDFC ERGO,karne hospital pvt ltd,Pune,Cashless,karne hospital pvt ltd
Optima Restore,HDFC ERGO,sahyadri speciality hospital,Pune,Cashless,sahyadri speciality hospital
Optima Restore,HDFC ERGO,ranka hospital,Pune,Cashless,ranka hospital
Optima Restore,HDFC ERGO,ruby hall clinic,Pune,Cashless,ruby hall clinic
Optima Restore,HDFC ERGO,apollo spectra hospitals (unit of apollo specialty hospitals pvt ltd),Pune,Cashless,apollo spectra hospitals unit of apollo specialty hospitals pvt ltd
Optima Restore,HDFC ERGO,iris eye care,Pune,Cashless,iris eye care
Optima Restore,HDFC ERGO,siddharth hospital,Pune,Cashless,siddharth hospital
Optima Restore,HDFC ERGO,kamal nursing home,Pune,Cashless,kamal nursing home
Optima Restore,HDFC ERGO,ace hospital and research centre,Pune,Cashless,ace hospital and research centre
Optima Restore,HDFC ERGO,rao nursing home,Pune,Cashless,rao nursing home
Optima Restore,HDFC ERGO,kataria hospital,Pune,Cashless,kataria hospital
Optima Restore,HDFC ERGO,sadhu vaswani missions medical complex .,Pune,Cashless,sadhu vaswani missions medical complex
Optima Restore,HDFC ERGO,lmmfs deenanath mangeshkar hospital pune,Pune,Cashless,lmmfs deenanath mangeshkar hospital pune
Optima Restore,HDFC ERGO,mantri hospital,Pune,Cashless,mantri hospital
Optima Restore,HDFC ERGO,sahyadri speciality hospital-shastri nagar rd,Pune,Cashless,sahyadri speciality hospitalshastri nagar rd
Optima Restore,HDFC ERGO,shree hospital - pune,Pune,Cashless,shree hospital pune
Optima Restore,HDFC ERGO,kulkarni endo surgery institute and reconstructive urology centre,Pune,Cashless,kulkarni endo surgery institute and reconstructive urology centre
Optima Restore,HDFC ERGO,chintamani hospital,Pune,Cashless,chintamani hospital
Optima Restore,HDFC ERGO,sahyadri hospital bibvewadi,Pune,Cashless,sahyadri hospital bibvewadi
Optima Restore,HDFC ERGO,crescent india medical education trust inamdar hospital,Pune,Cashless,crescent india medical education trust inamdar hospital
Optima Restore,HDFC ERGO,serene hospital,Pune,Cashless,serene hospital
Optima Restore,HDFC ERGO,dr makan surgical maternity and accident hospital,Pune,Cashless,dr makan surgical maternity and accident hospital
Optima Restore,HDFC ERGO,ruby clinic-wanowarie/grant medical foundation ruby hall clinic,Pune,Cashless,ruby clinicwanowariegrant medical foundation ruby hall clinic
Optima Restore,HDFC ERGO,kotbagi hospital pvt ltd,Pune,Cashless,kotbagi hospital pvt ltd
Optima Restore,HDFC ERGO,vinod memorial hospital,Pune,Cashless,vinod memorial hospital
Optima Restore,HDFC ERGO,kedarnath general hospital,Pune,Cashless,kedarnath general hospital
Optima Restore,HDFC ERGO,dr agarwals health care limited,Pune,Cashless,dr agarwals health care limited
Optima Restore,HDFC ERGO,sahyadri hospital kothrud,Pune,Cashless,sahyadri hospital kothrud
Optima Restore,HDFC ERGO,lunkad hospital,Pune,Cashless,lunkad hospital
Optima Restore,HDFC ERGO,"aims hospitals and research centre, aundh,pune",Pune,Cashless,aims hospitals and research centre aundhpune
Optima Restore,HDFC ERGO,bharati hospital & research centre,Pune,Cashless,bharati hospital research centre
Optima Restore,HDFC ERGO,medicare hospital foundation,Pune,Cashless,medicare hospital foundation
Optima Restore,HDFC ERGO,noble hospital,Pune,Cashless,noble hospital
Optima Restore,HDFC ERGO,abane hospital,Pune,Cashless,abane hospital
Optima Restore,HDFC ERGO,ushakiran general hospital,Pune,Cashless,ushakiran general hospital
Optima Restore,HDFC ERGO,medipoint hospital,Pune,Cashless,medipoint hospital
Optima Restore,HDFC ERGO,sanjeevani nursing home,Pune,Cashless,sanjeevani nursing home
Optima Restore,HDFC ERGO,yash hospital-vk medical foundation,Pune,Cashless,yash hospitalvk medical foundation
Optima Restore,HDFC ERGO,max neuro hospital,Pune,Cashless,max neuro hospital
Optima Restore,HDFC ERGO,agarwal maternity and general hospital,Pune,Cashless,agarwal maternity and general hospital
Optima Restore,HDFC ERGO,sahyadri hospital,Pune,Cashless,sahyadri hospital
Optima Restore,HDFC ERGO,vatsalya hospital,Pune,Cashless,vatsalya hospital
Optima Restore,HDFC ERGO,columbia asia hospital,Pune,Cashless,columbia asia hospital
Optima Restore,HDFC ERGO,vaibhavi children hospital,Pune,Cashless,vaibhavi children hospital
Optima Restore,HDFC ERGO,kk hospital,Pune,Cashless,kk hospital
Optima Restore,HDFC ERGO,pbmas hv desai eye hospital,Pune,Cashless,pbmas hv desai eye hospital
Optima Restore,HDFC ERGO,vimal multispeciality hospital,Pune,Cashless,vimal multispeciality hospital
Optima Restore,HDFC ERGO,shree hospital,Pune,Cashless,shree hospital
Optima Restore,HDFC ERGO,chellaram hospital diabetes care & multispeciality,Pune,Cashless,chellaram hospital diabetes care multispeciality
Optima Restore,HDFC ERGO,sanjeevani hospital,Pune,Cashless,sanjeevani hospital
Optima Restore,HDFC ERGO,natasha eye care & research centre,Pune,Cashless,natasha eye care research centre
Optima Restore,HDFC ERGO,apple hospital,Pune,Cashless,apple hospital
Optima Restore,HDFC ERGO,shreekalyani nursing home,Pune,Cashless,shreekalyani nursing home
Optima Restore,HDFC ERGO,saidham muiltispeciality hospital,Pune,Cashless,saidham muiltispeciality hospital
Optima Restore,HDFC ERGO,vatsalya mother & child care,Pune,Cashless,vatsalya mother child care
Optima Restore,HDFC ERGO,jeevanjyoti hospital - pune,Pune,Cashless,jeevanjyoti hospital pune
Optima Restore,HDFC ERGO,new life child care clinic and hospital,Pune,Cashless,new life child care clinic and hospital
Optima Restore,HDFC ERGO,vijay shree day care eye clinic,Pune,Cashless,vijay shree day care eye clinic
Optima Restore,HDFC ERGO,chavan hospital,Pune,Cashless,chavan hospital
Optima Restore,HDFC ERGO,desai accident &,Pune,Cashless,desai accident
Optima Restore,HDFC ERGO,phoenix multispeciality hospital,Pune,Cashless,phoenix multispeciality hospital
Optima Restore,HDFC ERGO,dr madrewars chest & general hospital,Pune,Cashless,dr madrewars chest general hospital
Optima Restore,HDFC ERGO,medilife multispeciality hospital & icu,Pune,Cashless,medilife multispeciality hospital icu
Optima Restore,HDFC ERGO,moraya multispeciality hospital,Pune,Cashless,moraya multispeciality hospital
Optima Restore,HDFC ERGO,7 orange hospital - pune,Pune,Cashless,7 orange hospital pune
Optima Restore,HDFC ERGO,niramaya hospital,Pune,Cashless,niramaya hospital
Optima Restore,HDFC ERGO,pataskar hospital,Pune,Cashless,pataskar hospital
Optima Restore,HDFC ERGO,lokmanya hospital,Pune,Cashless,lokmanya hospital
Optima Restore,HDFC ERGO,patil eye hospital,Pune,Cashless,patil eye hospital
Optima Restore,HDFC ERGO,aditya birla health services ltd,Pune,Cashless,aditya birla health services ltd
Optima Restore,HDFC ERGO,golden care hospital & diagnostic,Pune,Cashless,golden care hospital diagnostic
Optima Restore,HDFC ERGO,sushrusha hospital,Pune,Cashless,sushrusha hospital
Optima Restore,HDFC ERGO,pulse multispeciality hospital,Pune,Cashless,pulse multispeciality hospital
Optima Restore,HDFC ERGO,lifeline hospital,Pune,Cashless,lifeline hospital
Optima Restore,HDFC ERGO,patil hospital general & eye hospital,Pune,Cashless,patil hospital general eye hospital
Optima Restore,HDFC ERGO,gandhi nursing home,Pune,Cashless,gandhi nursing home
Optima Restore,HDFC ERGO,dhanashree hospital,Pune,Cashless,dhanashree hospital
Optima Restore,HDFC ERGO,sterling multispeciality hospital,Pune,Cashless,sterling multispeciality hospital
Optima Restore,HDFC ERGO,medi square hospital,Pune,Cashless,medi square hospital
Optima Restore,HDFC ERGO,dr ghatkar hospital,Pune,Cashless,dr ghatkar hospital
Optima Restore,HDFC ERGO,unicare hospital,Pune,Cashless,unicare hospital
Optima Restore,HDFC ERGO,bhagawati netralaya,Pune,Cashless,bhagawati netralaya
Optima Restore,HDFC ERGO,shwas multispeciality hospital,Pune,Cashless,shwas multispeciality hospital
Optima Restore,HDFC ERGO,aarogyam multispeciality hospital - pune,Pune,Cashless,aarogyam multispeciality hospital pune
Optima Restore,HDFC ERGO,surya multispeciality hospital,Pune,Cashless,surya multispeciality hospital
Optima Restore,HDFC ERGO,omkar accident hospital,Pune,Cashless,omkar accident hospital
Optima Restore,HDFC ERGO,pioneer hospital,Pune,Cashless,pioneer hospital
Optima Restore,HDFC ERGO,pawana hospital,Pune,Cashless,pawana hospital
Optima Restore,HDFC ERGO,shanti hospital,Pune,Cashless,shanti hospital
Optima Restore,HDFC ERGO,sevadham hospital,Pune,Cashless,sevadham hospital
Optima Restore,HDFC ERGO,bhakti hospital,Pune,Cashless,bhakti hospital
Optima Restore,HDFC ERGO,attharva accident hospital,Pune,Cashless,attharva accident hospital
Optima Restore,HDFC ERGO,rakshak hospital,Pune,Cashless,rakshak hospital
Optima Restore,HDFC ERGO,matoshree madanbai dhariwal hospital,Pune,Cashless,matoshree madanbai dhariwal hospital
Optima Restore,HDFC ERGO,dr khade superspeciality hospital,Pune,Cashless,dr khade superspeciality hospital
Optima Restore,HDFC ERGO,yogeshwari hospital & icu,Pune,Cashless,yogeshwari hospital icu
Optima Restore,HDFC ERGO,krishna drishti eye hospital,Pune,Cashless,krishna drishti eye hospital
Optima Restore,HDFC ERGO,bhandare hospital,Pune,Cashless,bhandare hospital
Health Insurance Plan,Aditya Birla,king edwaroad memorial hospital,Pune,Cashless,king edwaroad memorial hospital
Health Insurance Plan,Aditya Birla,sancheti hospital for orthopedics and rehabilitation,Pune,Cashless,sancheti hospital for orthopedics and rehabilitation
Health Insurance Plan,Aditya Birla,surya hospital,Pune,Cashless,surya hospital
Health Insurance Plan,Aditya Birla,rajasthani & gujarati charitable foundation's poona hospital & research centre,Pune,Cashless,rajasthani gujarati charitable foundations poona hospital research centre
Health Insurance Plan,Aditya Birla,mjm hospital,Pune,Cashless,mjm hospital
Health Insurance Plan,Aditya Birla,national institute of ophthalmology,Pune,Cashless,national institute of ophthalmology
Health Insurance Plan,Aditya Birla,asian eye hospital and laser institute,Pune,Cashless,asian eye hospital and laser institute
Health Insurance Plan,Aditya Birla,galaxy care laparoscopy institute,Pune,Cashless,galaxy care laparoscopy institute
Health Insurance Plan,Aditya Birla,global hospital & research institute,Pune,Cashless,global hospital research institute
Health Insurance Plan,Aditya Birla,nm wadia institute of cardiology,Pune,Cashless,nm wadia institute of cardiology
Health Insurance Plan,Aditya Birla,om hospital,Pune,Cashless,om hospital
Health Insurance Plan,Aditya Birla,jehangir hospital,Pune,Cashless,jehangir hospital
Health Insurance Plan,Aditya Birla,oyster & pearl hospital shree/onp hospital,Pune,Cashless,oyster pearl hospital shreeonp hospital
Health Insurance Plan,Aditya Birla,paranjpe eye clinic & eye surgery centre,Pune,Cashless,paranjpe eye clinic eye surgery centre
Health Insurance Plan,Aditya Birla,smcrs hardikar hospital,Pune,Cashless,smcrs hardikar hospital
Health Insurance Plan,Aditya Birla,karne hospital pvt ltd,Pune,Cashless,karne hospital pvt ltd
Health Insurance Plan,Aditya Birla,sahyadri speciality hospital,Pune,Cashless,sahyadri speciality hospital
Health Insurance Plan,Aditya Birla,ranka hospital,Pune,Cashless,ranka hospital
Health Insurance Plan,Aditya Birla,ruby hall clinic,Pune,Cashless,ruby hall clinic
Health Insurance Plan,Aditya Birla,lokmanya hospitals pvt ltd,Pune,Cashless,lokmanya hospitals pvt ltd
Health Insurance Plan,Aditya Birla,nephroplus,Pune,Cashless,nephroplus
Health Insurance Plan,Aditya Birla,cloudnine (kids clinic india private limited),Pune,Cashless,cloudnine kids clinic india private limited
Health Insurance Plan,Aditya Birla,apollo spectra hospitals (unit of apollo specialty hospitals pvt ltd),Pune,Cashless,apollo spectra hospitals unit of apollo specialty hospitals pvt ltd
Health Insurance Plan,Aditya Birla,contacare eye hospital,Pune,Cashless,contacare eye hospital
Health Insurance Plan,Aditya Birla,nephroplus dialysis center,Pune,Cashless,nephroplus dialysis center
Health Insurance Plan,Aditya Birla,lmmfs deenanath mangeshkar hospital pune,Pune,Cashless,lmmfs deenanath mangeshkar hospital pune
Health Insurance Plan,Aditya Birla,komal nursing home,Pune,Cashless,komal nursing home
Health Insurance Plan,Aditya Birla,axis eye clinic,Pune,Cashless,axis eye clinic
Health Insurance Plan,Aditya Birla,sahyadri hospital bibvewadi,Pune,Cashless,sahyadri hospital bibvewadi
Health Insurance Plan,Aditya Birla,hi tech eye surgery & laser centre,Pune,Cashless,hi tech eye surgery laser centre
Health Insurance Plan,Aditya Birla,pharande eye hospital and phaco center,Pune,Cashless,pharande eye hospital and phaco center
Health Insurance Plan,Aditya Birla,sahyadri hospital kothrud,Pune,Cashless,sahyadri hospital kothrud
Health Insurance Plan,Aditya Birla,crescent india medical education trust inamdar hospital,Pune,Cashless,crescent india medical education trust inamdar hospital
Health Insurance Plan,Aditya Birla,contacare eye hospital (a unit of contacare ophthalmic pvt ltd),Pune,Cashless,contacare eye hospital a unit of contacare ophthalmic pvt ltd
Health Insurance Plan,Aditya Birla,welfare medical foundations villoo poonawalla memorial hospital,Pune,Cashless,welfare medical foundations villoo poonawalla memorial hospital
Health Insurance Plan,Aditya Birla,lodha hospital &,Pune,Cashless,lodha hospital
Health Insurance Plan,Aditya Birla,dr makan surgical maternity and accident hospital,Pune,Cashless,dr makan surgical maternity and accident hospital
Health Insurance Plan,Aditya Birla,kotbagi hospital pvt ltd,Pune,Cashless,kotbagi hospital pvt ltd
Health Insurance Plan,Aditya Birla,medipoint hospital,Pune,Cashless,medipoint hospital
Health Insurance Plan,Aditya Birla,noble hospital,Pune,Cashless,noble hospital
Health Insurance Plan,Aditya Birla,pulse multispeciality hospital,Pune,Cashless,pulse multispeciality hospital
Health Insurance Plan,Aditya Birla,saishree hospital and joint replacement centre a unit of adkar hospital,Pune,Cashless,saishree hospital and joint replacement centre a unit of adkar hospital
Health Insurance Plan,Aditya Birla,max neuro hospital,Pune,Cashless,max neuro hospital
Health Insurance Plan,Aditya Birla,sahyadri hospital,Pune,Cashless,sahyadri hospital
Health Insurance Plan,Aditya Birla,siddivinayak hospital,Pune,Cashless,siddivinayak hospital
Health Insurance Plan,Aditya Birla,motherhood hospital ( a unit of rhea healthcare pvt ltd ),Pune,Cashless,motherhood hospital a unit of rhea healthcare pvt ltd
Health Insurance Plan,Aditya Birla,ankur multispeciality hospital,Pune,Cashless,ankur multispeciality hospital
Health Insurance Plan,Aditya Birla,maxcare hospital,Pune,Cashless,maxcare hospital
Health Insurance Plan,Aditya Birla,kamat hospital,Pune,Cashless,kamat hospital
Health Insurance Plan,Aditya Birla,nucare hospital,Pune,Cashless,nucare hospital
Health Insurance Plan,Aditya Birla,kirad nursing home.,Pune,Cashless,kirad nursing home
Health Insurance Plan,Aditya Birla,agarwal maternity and general hospital,Pune,Cashless,agarwal maternity and general hospital
Health Insurance Plan,Aditya Birla,columbia asia hospital,Pune,Cashless,columbia asia hospital
Health Insurance Plan,Aditya Birla,pbmas hv desai eye hospital,Pune,Cashless,pbmas hv desai eye hospital
Health Insurance Plan,Aditya Birla,sakhi hospital,Pune,Cashless,sakhi hospital
Health Insurance Plan,Aditya Birla,shreekalyani nursing home,Pune,Cashless,shreekalyani nursing home
Health Insurance Plan,Aditya Birla,rising medicare hospital,Pune,Cashless,rising medicare hospital
Health Insurance Plan,Aditya Birla,dr. mores childrens hospital,Pune,Cashless,dr mores childrens hospital
Health Insurance Plan,Aditya Birla,shree hospital,Pune,Cashless,shree hospital
Health Insurance Plan,Aditya Birla,jupiter life line hospitals limited,Pune,Cashless,jupiter life line hospitals limited
Health Insurance Plan,Aditya Birla,chellaram hospital diabetes care & multispeciality,Pune,Cashless,chellaram hospital diabetes care multispeciality
Health Insurance Plan,Aditya Birla,yashorahi multispeciality hospital,Pune,Cashless,yashorahi multispeciality hospital
Health Insurance Plan,Aditya Birla,sayali hospital,Pune,Cashless,sayali hospital
Health Insurance Plan,Aditya Birla,healing touch hospital,Pune,Cashless,healing touch hospital
Health Insurance Plan,Aditya Birla,sathe hospital,Pune,Cashless,sathe hospital
Health Insurance Plan,Aditya Birla,wellness specialty clinic,Pune,Cashless,wellness specialty clinic
Health Insurance Plan,Aditya Birla,ayushri multispeciality hospital,Pune,Cashless,ayushri multispeciality hospital
Health Insurance Plan,Aditya Birla,sai ananya eye and heart care center,Pune,Cashless,sai ananya eye and heart care center
Health Insurance Plan,Aditya Birla,jai hind hospital,Pune,Cashless,jai hind hospital
Health Insurance Plan,Aditya Birla,global multispecility hospital,Pune,Cashless,global multispecility hospital
Health Insurance Plan,Aditya Birla,sankalp multispeciality hospital,Pune,Cashless,sankalp multispeciality hospital
Health Insurance Plan,Aditya Birla,vivekanand hospital,Pune,Cashless,vivekanand hospital
Health Insurance Plan,Aditya Birla,oasis multi-speciality hospital,Pune,Cashless,oasis multispeciality hospital
Health Insurance Plan,Aditya Birla,natasha eye care & research centre,Pune,Cashless,natasha eye care research centre
Health Insurance Plan,Aditya Birla,shree gajanan hospital,Pune,Cashless,shree gajanan hospital
Health Insurance Plan,Aditya Birla,shreeyash multispeciality hospital,Pune,Cashless,shreeyash multispeciality hospital
Health Insurance Plan,Aditya Birla,apple hospital,Pune,Cashless,apple hospital
Health Insurance Plan,Aditya Birla,dr d.y patil hospital & research centre,Pune,Cashless,dr dy patil hospital research centre
Health Insurance Plan,Aditya Birla,saidham muiltispeciality hospital,Pune,Cashless,saidham muiltispeciality hospital
Health Insurance Plan,Aditya Birla,polaris health care,Pune,Cashless,polaris health care
Health Insurance Plan,Aditya Birla,jeevan jyoti hospital,Pune,Cashless,jeevan jyoti hospital
Health Insurance Plan,Aditya Birla,lifeline hospital,Pune,Cashless,lifeline hospital
Health Insurance Plan,Aditya Birla,chirayu childrens hospital,Pune,Cashless,chirayu childrens hospital
Health Insurance Plan,Aditya Birla,new life child care clinic and hospital,Pune,Cashless,new life child care clinic and hospital
Health Insurance Plan,Aditya Birla,metro multispeciality hospital,Pune,Cashless,metro multispeciality hospital
Health Insurance Plan,Aditya Birla,citicare hospital pvt. ltd.,Pune,Cashless,citicare hospital pvt ltd
Health Insurance Plan,Aditya Birla,vital multispeciality hospital,Pune,Cashless,vital multispeciality hospital
Health Insurance Plan,Aditya Birla,vijay shree day care eye clinic,Pune,Cashless,vijay shree day care eye clinic
Health Insurance Plan,Aditya Birla,desai accident &,Pune,Cashless,desai accident
Health Insurance Plan,Aditya Birla,surya mother and child care pvt ltd,Pune,Cashless,surya mother and child care pvt ltd
Health Insurance Plan,Aditya Birla,dr madrewars chest & general hospital,Pune,Cashless,dr madrewars chest general hospital
Health Insurance Plan,Aditya Birla,medilife multispeciality hospital & icu,Pune,Cashless,medilife multispeciality hospital icu
Health Insurance Plan,Aditya Birla,7 orange hospital (unit of 7 orange healthcare organization llp),Pune,Cashless,7 orange hospital unit of 7 orange healthcare organization llp
Health Insurance Plan,Aditya Birla,shinde maternity hospital,Pune,Cashless,shinde maternity hospital
Health Insurance Plan,Aditya Birla,vatsalya hospital.,Pune,Cashless,vatsalya hospital
Health Insurance Plan,Aditya Birla,om shree swami samarth hospital,Pune,Cashless,om shree swami samarth hospital
Health Insurance Plan,Aditya Birla,lokmanya hospital,Pune,Cashless,lokmanya hospital
Health Insurance Plan,Aditya Birla,sanjeevani hospital,Pune,Cashless,sanjeevani hospital
Health Insurance Plan,Aditya Birla,brahmchaitanya superspeciality hospital pvt ltd,Pune,Cashless,brahmchaitanya superspeciality hospital pvt ltd
Health Insurance Plan,Aditya Birla,aditya birla health services ltd,Pune,Cashless,aditya birla health services ltd
Health Insurance Plan,Aditya Birla,golden care hospital & diagnostic,Pune,Cashless,golden care hospital diagnostic
Health Insurance Plan,Aditya Birla,sarvadnya multispeciality hospital,Pune,Cashless,sarvadnya multispeciality hospital
Health Insurance Plan,Aditya Birla,ojas multispeciality hospital,Pune,Cashless,ojas multispeciality hospital
Health Insurance Plan,Aditya Birla,shree multispeciality hospital & icu,Pune,Cashless,shree multispeciality hospital icu
Health Insurance Plan,Aditya Birla,panortho multispeciality hospital,Pune,Cashless,panortho multispeciality hospital
Health Insurance Plan,Aditya Birla,onyx multispeciality hospital pvt ltd,Pune,Cashless,onyx multispeciality hospital pvt ltd
Health Insurance Plan,Aditya Birla,imax multispeciality hospital,Pune,Cashless,imax multispeciality hospital
Health Insurance Plan,Aditya Birla,varad children hospital,Pune,Cashless,varad children hospital
Health Insurance Plan,Aditya Birla,star hospital,Pune,Cashless,star hospital
Health Insurance Plan,Aditya Birla,sai hospital,Pune,Cashless,sai hospital
Health Insurance Plan,Aditya Birla,patil hospital general & eye hospital,Pune,Cashless,patil hospital general eye hospital
Health Insurance Plan,Aditya Birla,dhanashree hospital,Pune,Cashless,dhanashree hospital
Health Insurance Plan,Aditya Birla,sterling multispeciality hospital,Pune,Cashless,sterling multispeciality hospital
Health Insurance Plan,Aditya Birla,bhaktisiddhant hospital,Pune,Cashless,bhaktisiddhant hospital
Health Insurance Plan,Aditya Birla,matoshree multispeciality hospital,Pune,Cashless,matoshree multispeciality hospital
Health Insurance Plan,Aditya Birla,shree om multispeciality hospital,Pune,Cashless,shree om multispeciality hospital
Health Insurance Plan,Aditya Birla,shwas multispeciality hospital,Pune,Cashless,shwas multispeciality hospital
Health Insurance Plan,Aditya Birla,patil hospital,Pune,Cashless,patil hospital
Health Insurance Plan,Aditya Birla,aarogyam multispeciality hospital,Pune,Cashless,aarogyam multispeciality hospital
Health Insurance Plan,Aditya Birla,chintamani hospital,Pune,Cashless,chintamani hospital
Health Insurance Plan,Aditya Birla,pawana hospital,Pune,Cashless,pawana hospital
Health Insurance Plan,Aditya Birla,samarth hospital,Pune,Cashless,samarth hospital
Health Insurance Plan,Aditya Birla,bhakti hospital,Pune,Cashless,bhakti hospital
Health Insurance Plan,Aditya Birla,manchar city hospital,Pune,Cashless,manchar city hospital
Health Insurance Plan,Aditya Birla,siddhakala hospital,Pune,Cashless,siddhakala hospital
Health Insurance Plan,Aditya Birla,maxcare multispeciality hospital,Pune,Cashless,maxcare multispeciality hospital
Health Insurance Plan,Aditya Birla,dhulabapu kokare memorial hospital,Pune,Cashless,dhulabapu kokare memorial hospital
Health Insurance Plan,Aditya Birla,giri raj hospital & intensive care unit,Pune,Cashless,giri raj hospital intensive care unit
